0	0.401203379177736	0.218517500387602
0.0181848255735113	0.390460212374065	0.220467002109153
0.0363696511470226	0.380188928032805	0.221519384582637
0.0545544767205339	0.370386965867036	0.221556861763952
0.0727393022940452	0.361051224086292	0.220459184466753
0.0909241278675565	0.352178091381043	0.218105535924663
0.109108953441068	0.343763480205462	0.214376802915236
0.127293779014579	0.335802861246012	0.209158247220326
0.145478604588090	0.328291298937205	0.202342594643178
0.163663430161602	0.321223487857907	0.193833544539465
0.181848255735113	0.314593789813046	0.183549678950296
0.200033081308624	0.308396271377889	0.171428714111985
0.218217906882136	0.302624741656878	0.157431986391016
0.236402732455647	0.297272789988146	0.141548999626774
0.254587558029158	0.292333823310051	0.123801785005064
0.272772383602670	0.287801102898864	0.104248746317154
0.290957209176181	0.283667780188624	0.0829875967302347
0.309142034749692	0.279926931395712	0.0601569568088989
0.327326860323203	0.276571590692294	0.0359361982510079
0.345511685896715	0.273594781703916	0.0105432010385434
0.363696511470226	0.270989547145998	-0.0157701494797219
0.381881337043737	0.268748976460065	-0.0427246744227211
0.400066162617249	0.266866231360789	-0.0700225100319915
0.418250988190760	0.265334569256624	-0.0973570496384420
0.436435813764271	0.264147364557096	-0.124423465347203
0.454620639337783	0.263298127925819	-0.150928970072980
0.472805464911294	0.262780523577576	-0.176602019558021
0.490990290484805	0.262588384748284	-0.201199808818423
0.509175116058316	0.262715727487167	-0.224513652715615
0.527359941631828	0.263156762930192	-0.246372105797877
0.545544767205339	0.263905908213245	-0.266641922175536
0.563729592778850	0.264957796173247	-0.285227144855018
0.581914418352362	0.266307283967130	-0.302066727785686
0.600099243925873	0.267949460713968	-0.317131133664632
0.618284069499384	0.269879654236933	-0.330418330355428
0.636468895072896	0.272093436951050	-0.341949548837471
0.654653720646407	0.274586630912214	-0.351765086159056
0.672838546219918	0.277355312014311	-0.359920354282807
0.691023371793429	0.280395813296042	-0.366482300932423
0.709208197366941	0.283704727298350	-0.371526267319023
0.727393022940452	0.287278907397803	-0.375133301637606
0.745577848513963	0.291115468031229	-0.377387915535142
0.763762674087475	0.295211783722389	-0.378376251035896
0.781947499660986	0.299565486822081	-0.378184614884701
0.800132325234497	0.304174463878386	-0.376898333273343
0.818317150808009	0.309036850563169	-0.374600880201571
0.836501976381520	0.314151025093579	-0.371373235556936
0.854686801955031	0.319515600102588	-0.367293433133667
0.872871627528542	0.325129412929684	-0.362436263424219
0.891056453102054	0.330991514321062	-0.356873100603783
0.909241278675565	0.337101155547430	-0.350671827415445
0.927426104249076	0.343457773966290	-0.343896835533410
0.945610929822588	0.350060977073799	-0.336609082410117
0.963795755396099	0.356910525108695	-0.328866188627893
0.981980580969610	0.364006312286984	-0.320722562427079
1.00016540654312	0.371348346760844	-0.312229540424518
1.01835023211663	0.378936729408381	-0.303435535616947
1.03653505769014	0.386771631572312	-0.294386185621214
1.05471988326366	0.394853271875298	-0.285124495763542
1.07290470883717	0.403181892247418	-0.275690973110007
1.09108953441068	0.411757733307250	-0.266123748838549
1.10927435998419	0.420581009242151	-0.256458687493064
1.12745918555770	0.429651882335695	-0.246729482633609
1.14564401113121	0.438970437290950	-0.236967739204490
1.16382883670472	0.448536655497378	-0.227203043586330
1.18201366227823	0.458350389386840	-0.217463022783907
1.20019848785175	0.468411337020498	-0.207773394536698
1.21838331342526	0.478719017043612	-0.198158010334739
1.23656813899877	0.489272744139328	-0.188638893393009
1.25475296457228	0.500071605105858	-0.179236273599737
1.27293779014579	0.511114435673955	-0.169968621326471
1.29112261571930	0.522399798173637	-0.160852681789781
1.30930744129281	0.533925960150644	-0.151903511405794
1.32749226686633	0.545690874024486	-0.143134517298067
1.34567709243984	0.557692157871109	-0.134557500823977
1.36386191801335	0.569927077404427	-0.126182705690133
1.38204674358686	0.582392529222261	-0.118018870946115
1.40023156916037	0.595085025373761	-0.110073288888317
1.41841639473388	0.608000679297169	-0.102351867679260
1.43660122030739	0.621135193168949	-0.0948591982972765
1.45478604588090	0.634483846697871	-0.0875986252793414
1.47297087145442	0.648041487390641	-0.0805723206063489
1.49115569702793	0.661802522309121	-0.0737813600038829
1.50934052260144	0.675760911333150	-0.0672258008896748
1.52752534817495	0.689910161937389	-0.0609047611877391
1.54571017374846	0.704243325485482	-0.0548164982442502
1.56389499932197	0.718752995040186	-0.0489584871168873
1.58207982489548	0.733431304683864	-0.0433274975629651
1.60026465046899	0.748269930339882	-0.0379196691176747
1.61844947604251	0.763260092081967	-0.0327305837280387
1.63663430161602	0.778392557915434	-0.0277553354870687
1.65481912718953	0.793657649011268	-0.0229885970929134
1.67300395276304	0.809045246371489	-0.0184246827368983
1.69118877833655	0.824544798901754	-0.0140576072001914
1.70937360391006	0.840145332864968	-0.00988114100979680
1.72755842948357	0.855835462687586	-0.00588886156956954
1.74574325505708	0.871603403088327	-0.00207420024023236
1.76392808063060	0.887436982497184	0.00156951460640510
1.78211290620411	0.903323657730801	0.00504901848976857
1.80029773177762	0.919250529888591	0.00837107557309194
1.81848255735113	0.935204361432240	0.0115424471296293
1.83666738292464	0.951171594409615	0.0145698635618514
1.85485220849815	0.967138369782397	0.0174599997946840
1.87303703407166	0.983090547815165	0.0202194538507491
1.89122185964518	0.999013729481975	0.0228547284070582
1.90940668521869	1.01489327884487	0.0253722151281118
1.92759151079220	1.03071434635715	0.0277781815692759
1.94577633636571	1.04646189304245	0.0300787604461188
1.96396116193922	1.06212071549944	0.0322799410695703
1.98214598751273	1.07767547167977	0.0343875627528625
2.00033081308624	1.09311070738592	0.0364073100037982
2.01851563865975	1.10841088343365	0.0383447093246067
2.03670046423327	1.12356040342239	0.0402051274511608
2.05488528980678	1.13854364205549	0.0419937708733582
2.07307011538029	1.15334497395069	0.0437156864887846
2.09125494095380	1.16794880287999	0.0453757632521632
2.10943976652731	1.18233959137675	0.0469787346934015
2.12762459210082	1.19650189064662	0.0485291821871177
2.14580941767433	1.21042037071789	0.0500315388662810
2.16399424324784	1.22407985076584	0.0514900940819212
2.18217906882136	1.23746532954462	0.0529089983197087
2.20036389439487	1.25056201585965	0.0542922684925240
2.21854871996838	1.26335535901273	0.0556437935358823
2.23673354554189	1.27583107915137	0.0569673402402539
2.25491837111540	1.28797519745381	0.0582665592608945
2.27310319668891	1.29977406608054	0.0595449912517822
2.29128802226242	1.31121439782316	0.0608060730756443
2.30947284783594	1.32228329538146	0.0620531440468615
2.32765767340945	1.33296828019968	0.0632894521682645
2.34584249898296	1.34325732079308	0.0645181603265087
2.36402732455647	1.35313886049658	0.0657423524138348
2.38221215012998	1.36260184456776	0.0669650393466126
2.40039697570349	1.37163574657689	0.0681891649531428
2.41858180127700	1.38023059401809	0.0694176117047636
2.43676662685051	1.38837699307608	0.0706532062653915
2.45495145242403	1.39606615248460	0.0718987248352341
2.47313627799754	1.40328990641344	0.0731568982645520
2.49132110357105	1.41004073632258	0.0744304169130310
2.50950592914456	1.41631179172344	0.0757219352295601
2.52769075471807	1.42209690978863	0.0770340760260042
2.54587558029158	1.42739063375350	0.0783694344169177
2.56406040586509	1.43218823005443	0.0797305813950753
2.58224523143860	1.43648570415077	0.0811200670102022
2.60043005701212	1.44027981497917	0.0825404231153760
2.61861488258563	1.44356808799123	0.0839941656422620
2.63679970815914	1.44634882672736	0.0854837963626342
2.65498453373265	1.44862112288187	0.0870118040895514
2.67316935930616	1.45038486481662	0.0885806652671225
2.69135418487967	1.45164074448270	0.0901928438930321
2.70953901045318	1.45239026271181	0.0918507907129501
2.72772383602670	1.45263573284136	0.0935569416206689
2.74590866160021	1.45238028263959	0.0953137151923590
2.76409348717372	1.45162785449919	0.0971235092777884
2.78227831274723	1.45038320387035	0.0989886965658264
2.80046313832074	1.44865189590626	0.100911619036150
2.81864796389425	1.44644030029656	0.102894581203962
2.83683278946776	1.44375558426631	0.104939842059896
2.85501761504127	1.44060570372042	0.107049605603284
2.87320244061479	1.43699939251581	0.109226009863979
2.89138726618830	1.43294614984569	0.111471114306056
2.90957209176181	1.42845622572275	0.113786885506496
2.92775691733532	1.42354060455050	0.116175181003623
2.94594174290883	1.41821098677409	0.118637731214112
2.96412656848234	1.41247976860487	0.121176119324255
2.98231139405585	1.40636001981530	0.123791759071405
3.00049621962936	1.39986545960359	0.126485870345633
3.01868104520288	1.39301043053080	0.129259452560243
3.03686587077639	1.38580987053597	0.132113255763419
3.05505069634990	1.37827928303886	0.135047749492622
3.07323552192341	1.37043470514369	0.138063089408865
3.09142034749692	1.36229267396191	0.141159081790241
3.10960517307043	1.35387019107693	0.144335146013470
3.12778999864394	1.34518468517978	0.147590275209004
3.14597482421746	1.33625397291086	0.150922995339581
3.16415964979097	1.32709621795042	0.154331323023773
3.18234447536448	1.31772988840884	0.157812722504782
3.20052930093799	1.30817371257678	0.161364062249546
3.21871412651150	1.29844663310621	0.164981571753106
3.23689895208501	1.28856775970466	0.168660799216413
3.25508377765852	1.27855632043826	0.172396570860197
3.27326860323203	1.26843161175347	0.176182952730587
3.29145342880555	1.25821294734293	0.180013215940531
3.30963825437906	1.24791960599818	0.183879806371190
3.32782307995257	1.23757077861006	0.187774319925077
3.34600790552608	1.22718551449726	0.191687484473412
3.36419273109959	1.21678266726396	0.195609149669235
3.38237755667310	1.20638084040870	0.199528285800651
3.40056238224661	1.19599833292850	0.203432992830653
3.41874720782012	1.18565308518407	0.207310520707421
3.43693203339364	1.17536262531351	0.211147301928625
3.45511685896715	1.16514401650246	0.214928997203054
3.47330168454066	1.15501380543801	0.218640554872105
3.49148651011417	1.14498797229081	0.222266284533317
3.50967133568768	1.13508188258367	0.225789945050910
3.52785616126119	1.12531024131631	0.229194846848851
3.54604098683470	1.11568704972163	0.232463968066901
3.56422581240822	1.10622556503050	0.235580083827618
3.58241063798173	1.09693826361768	0.238525907522318
3.60059546355524	1.08783680789040	0.241284242687278
3.61878028912875	1.07893201726368	0.243838143719768
3.63696511470226	1.07023384354141	0.246171083388200
3.65514994027577	1.06175135099012	0.248267124833110
3.67333476584928	1.05349270135254	0.250111095545673
3.69151959142279	1.04546514400147	0.251688760656493
3.70970441699631	1.03767501138141	0.252986992775686
3.72788924256982	1.03012771982607	0.253993935599871
3.74607406814333	1.02282777577651	0.254699158543880
3.76425889371684	1.01577878735718	0.255093799763776
3.78244371929035	1.00898348119792	0.255170695109705
3.80062854486386	1.00244372432006	0.254924490776538
3.81881337043737	0.996160550836147	0.254351737700128
3.83699819601088	0.990134193147061	0.253450966068646
3.85518302158440	0.984364117258885	0.252222738672645
3.87336784715791	0.978849061786940	0.250669682194395
3.89155267273142	0.973587080166700	0.248796495926962
3.90973749830493	0.968575585552536	0.246609937806844
3.92792232387844	0.963811397856176	0.244118788031820
3.94610714945195	0.959290792358051	0.241333790909646
3.96429197502546	0.955009549316776	0.238267575935734
3.98247680059898	0.950963004004884	0.234934559422326
4.00066162617249	0.947146096612274	0.231350828291954
4.01884645174600	0.943553421482180	0.227534007899280
4.03703127731951	0.940179275176925	0.223503115953633
4.05521610289302	0.937017702911297	0.219278404776728
4.07340092846653	0.934062542938823	0.214881194244109
4.09158575404004	0.931307468529289	0.210333697823968
4.10977057961356	0.928746027233009	0.205658844143379
4.12795540518707	0.926371677187354	0.200880096481103
4.14614023076058	0.924177820282360	0.196021272510596
4.16432505633409	0.922157832063584	0.191106366500383
4.18250988190760	0.920305088310556	0.186159376026269
4.20069470748111	0.918612988287010	0.181204135066510
4.21887953305462	0.917074974713590	0.176264155143186
4.23706435862813	0.915684550564175	0.171362475947240
4.25524918420164	0.914435292832544	0.166521526647566
4.27343400977516	0.913320863456376	0.161762998842702
4.29161883534867	0.912335017620175	0.157107731873282
4.30980366092218	0.911471609687300	0.152575610979907
4.32798848649569	0.910724597033889	0.148185478569360
4.34617331206920	0.910088042073995	0.143955058645869
4.36435813764271	0.909556112775866	0.139900894276568
4.38254296321622	0.909123081974212	0.136038297793171
4.40072778878974	0.908783325782758	0.132381313286515
4.41891261436325	0.908531321405743	0.128942690827113
4.43709743993676	0.908361644636733	0.125733871742971
4.45528226551027	0.908268967318530	0.122764984204556
4.47346709108378	0.908248055019626	0.120044848304682
4.49165191665729	0.908293765161056	0.117580989776506
4.50983674223080	0.908401045803099	0.115379661464002
4.52802156780431	0.908564935274660	0.113445871644397
4.54620639337783	0.908780562799802	0.111783418299342
4.56439121895134	0.909043150246264	0.110394928439419
4.58257604452485	0.909348015090497	0.109281901603480
4.60076087009836	0.909690574663050	0.108444756679055
4.61894569567187	0.910066351707727	0.107882881221602
4.63713052124538	0.910470981257973	0.107594682487840
4.65531534681889	0.910900218805000	0.107577639441182
4.67350017239240	0.911349949704448	0.107828355034821
4.69168499796592	0.911816199742257	0.108342608129957
4.70986982353943	0.912295146756095	0.109115404462617
4.72805464911294	0.912783133186418	0.110141026132321
4.74623947468645	0.913276679411151	0.111413079149107
4.76442430025996	0.913772497700262	0.112924538641990
4.78260912583347	0.914267506611150	0.114667791401374
4.80079395140698	0.914758845632978	0.116634675499930
4.81897877698050	0.915243889877784	0.118816516810558
4.83716360255401	0.915720264608387	0.121204162315660
4.85534842812752	0.916185859387896	0.123788010178538
4.87353325370103	0.916638841632758	0.126558036624511
4.89171807927454	0.917077669350954	0.129503819755537
4.90990290484805	0.917501102848891	0.132614560496869
4.92808773042156	0.917908215194803	0.135879100946553
4.94627255599507	0.918298401232992	0.139285940467359
4.96445738156859	0.918671384951848	0.142823249924942
4.98264220714210	0.919027225019343	0.146478884534412
5.00082703271561	0.919366318312472	0.150240395828843
5.01901185828912	0.919689401281799	0.154095043306418
5.03719668386263	0.919997549008957	0.158029806346430
5.05538150943614	0.920292171833400	0.162031397007192
5.07356633500965	0.920575009445010	0.166086274329795
5.09175116058316	0.920848122361145	0.170180660769431
5.10993598615668	0.921113880730405	0.174300561359895
5.12812081173019	0.921374950430544	0.178431786185993
5.14630563730370	0.921634276454679	0.182559976692500
5.16449046287721	0.921895063607853	0.186670636296842
5.18267528845072	0.922160754565158	0.190749165695969
5.20086011402423	0.922435005372600	0.194780903166536
5.21904493959774	0.922721658502671	0.198751170052565
5.23722976517125	0.923024713607643	0.202645321517699
5.25541459074477	0.923348296144783	0.206448802512016
5.27359941631828	0.923696624078518	0.210147208768505
5.29178424189179	0.924073972894632	0.213726352504787
5.30996906746530	0.924484639190388	0.217172332364541
5.32815389303881	0.924932903131565	0.220471606994175
5.34633871861232	0.925422990092179	0.223611071517130
5.36452354418583	0.925959031814628	0.226578136044878
5.38270836975935	0.926545027446602	0.229360805253799
5.40089319533286	0.927184804825780	0.231947757964487
5.41907802090637	0.927881982393651	0.234328425587858
5.43726284647988	0.928639932125238	0.236493068253605
5.45544767205339	0.929461743861762	0.238432847413386
5.47363249762690	0.930350191428052	0.240139893715255
5.49181732320041	0.931307700905629	0.241607368978107
5.51000214877392	0.932336321415795	0.242829521155535
5.52818697434744	0.933437698744874	0.243801731266527
5.54637179992095	0.934613052116120	0.244520551384631
5.56455662549446	0.935863154380217	0.244983732914943
5.58274145106797	0.937188315859054	0.245190244546736
5.60092627664148	0.938588372036381	0.245140279444842
5.61911110221499	0.940062675244636	0.244835251430913
5.63729592778850	0.941610090450482	0.244277780101637
5.65548075336201	0.943228995193440	0.243471665029947
5.67366557893553	0.944917283683127	0.242421849392101
5.69185040450904	0.946672375012207	0.241134373553160
5.71003523008255	0.948491225394874	0.239616319320814
5.72822005565606	0.950370344295651	0.237875745738284
5.74640488122957	0.952305814271029	0.235921617426863
5.76458970680308	0.954293314307949	0.233763726604243
5.78277453237659	0.956328146408694	0.231412609993295
5.80095935795011	0.958405265142089	0.228879461895575
5.81914418352362	0.960519309856183	0.226176044733603
5.83732900909713	0.962664639228088	0.223314598365801
5.85551383467064	0.964835367812441	0.220307749448915
5.87369866024415	0.967025404240953	0.217168422066449
5.89188348581766	0.969228490721595	0.213909750760715
5.91006831139117	0.971438243486796	0.210544997003873
5.92825313696468	0.973648193845401	0.207087470023417
5.94643796253820	0.975851829502420	0.203550452764136
5.96462278811171	0.978042635823590	0.199947133625952
5.98280761368522	0.980214136737743	0.196290544469379
6.00099243925873	0.982359934988604	0.192593505231919
6.01917726483224	0.984473751468339	0.188868575353159
6.03736209040575	0.986549463387439	0.185128012067226
6.05554691597926	0.988581141059011	0.181383735491301
6.07373174155277	0.990563083099655	0.177647300320511
6.09191656712629	0.992489849873597	0.173929873834351
6.11010139269980	0.994356295031219	0.170242219829004
6.12828621827331	0.996157595017247	0.166594688014029
6.14647104384682	0.997889276447422	0.162997208350981
6.16465586942033	0.999547241275260	0.159459289765200
6.18284069499384	1.00112778969232	0.155990022629459
6.20102552056735	1.00262764072608	0.152598084398503
6.21921034614087	1.00404395051913	0.149291747765300
6.23739517171438	1.00537432829150	0.146078890711990
6.25557999728789	1.00661685000499	0.142967007839378
6.27376482286140	1.00777006976381	0.139963222377317
6.29194964843491	1.00883302900018	0.137074298302918
6.31013447400842	1.00980526350621	0.134306652023193
6.32831929958193	1.01068680838480	0.131666363112442
6.34650412515544	1.01147820100261	0.129159183631493
6.36468895072896	1.01218048203631	0.126790545595259
6.38287377630247	1.01279519471138	0.124565566196341
6.40105860187598	1.01332438233784	0.122489050435443
6.41924342744949	1.01377058425264	0.120565490853828
6.43742825302300	1.01413683028112	0.118799064109109
6.45561307859651	1.01442663383213	0.117193624183423
6.47379790417002	1.01464398374168	0.115752692062632
6.49198272974353	1.01479333497911	0.114479441777158
6.51016755531705	1.01487959832763	0.113376682749619
6.52835238089056	1.01490812914693	0.112446838452095
6.54653720646407	1.01488471532097	0.111691921437012
6.56472203203758	1.01481556448707	0.111113504870696
6.58290685761109	1.01470729063473	0.110712690767815
6.60109168318460	1.01456690015339	0.110490075198538
6.61927650875811	1.01440177739768	0.110445710818104
6.63746133433163	1.01421966982698	0.110579067150564
6.65564615990514	1.01402867276330	0.110888989144181
6.67383098547865	1.01383721379762	0.111373654604599
6.69201581105216	1.01365403685984	0.112030531202279
6.71020063662567	1.01348818595272	0.112856333841356
6.72838546219918	1.01334898853372	0.113846983265979
6.74657028777269	1.01324603851327	0.114997566865067
6.76475511334620	1.01318917882183	0.116302302714291
6.78293993891972	1.01318848348299	0.117754507961803
6.80112476449323	1.01325423911531	0.119346572718131
6.81930959006674	1.01339692577207	0.121069940646715
6.83749441564025	1.01362719701692	0.122915097465846
6.85567924121376	1.01395585912336	0.124871568560984
6.87386406678727	1.01439384927910	0.126927926864676
6.89204889236078	1.01495221267230	0.129071812086080
6.91023371793429	1.01564207833541	0.131289962260307
6.92841854350781	1.01647463362568	0.133568258437606
6.94660336908132	1.01746109722793	0.135891783142782
6.96478819465483	1.01861269057637	0.138244893006852
6.98297302022834	1.01994060760787	0.140611305707847
7.00115784580185	1.02145598277927	0.142974201059895
7.01934267137536	1.02316985730557	0.145316335764913
7.03752749694887	1.02509314360490	0.147620170997061
7.05571232252239	1.02723658796890	0.149868011635666
7.07389714809590	1.02961073151333	0.152042155608399
7.09208197366941	1.03222586950267	0.154125051464580
7.11026679924292	1.03509200918419	0.156099461981151
7.12845162481643	1.03821882630851	0.157948631323301
7.14663645038994	1.04161562055720	0.159656453050008
7.16482127596345	1.04529127013868	0.161207636082772
7.18300610153696	1.04925418585393	0.162587865652797
7.20119092711048	1.05351226496945	0.163783956215077
7.21937575268399	1.05807284526684	0.164783993371993
7.23756057825750	1.06294265966495	0.165577461985869
7.25574540383101	1.06812779183020	0.166155357878564
7.27393022940452	1.07363363320371	0.166510280812263
7.29211505497803	1.07946484187844	0.166636506812222
7.31029988055154	1.08562530375623	0.166530038319393
7.32848470612505	1.09211809640287	0.166188631136366
7.34666953169857	1.09894545599929	0.165611797639764
7.36485435727208	1.10610874775912	0.164800786260208
7.38303918284559	1.11360844014784	0.163758537760854
7.40122400841910	1.12144408319740	0.162489619360197
7.41940883399261	1.12961429116364	0.161000138228062
7.43759365956612	1.13811672972326	0.159297636319961
7.45577848513963	1.14694810785370	0.157390968890701
7.47396331071314	1.15610417448467	0.155290169331874
7.49214813628666	1.16557971995540	0.153006303201201
7.51033296186017	1.17536858225819	0.150551314449170
7.52851778743368	1.18546365799776	0.147937866898221
7.54670261300719	1.19585691794860	0.145179183993262
7.56488743858070	1.20653942704909	0.142288889724508
7.58307226415421	1.21750136863303	0.139280853432362
7.60125708972772	1.22873207266648	0.136169040949712
7.61944191530124	1.24022004773076	0.132967374231964
7.63762674087475	1.25195301647115	0.129689601283066
7.65581156644826	1.26391795421543	0.126349177820754
7.67399639202177	1.27610113045611	0.122959161750369
7.69218121759528	1.28848815288538	0.119532121146943
7.71036604316879	1.30106401367099	0.116080056091684
7.72855086874230	1.31381313766540	0.112614334381342
7.74673569431581	1.32671943224698	0.109145640835318
7.76492051988933	1.33976633850244	0.105683939671153
7.78310534546284	1.35293688347158	0.102238449207957
7.80129017103635	1.36621373318945	0.0988176279904734
7.81947499660986	1.37957924627596	0.0954291713035180
7.83765982218337	1.39301552783874	0.0920800169652904
7.85584464775688	1.40650448347124	0.0887763592451582
7.87402947333039	1.42002787314365	0.0855236697428165
7.89221429890391	1.43356736480006	0.0823267240863001
7.91039912447742	1.44710458749015	0.0791896333511410
7.92858395005093	1.46062118387761	0.0761158791668987
7.94676877562444	1.47409886198119	0.0731083515554477
7.96495360119795	1.48751944601587	0.0701693886332624
7.98313842677146	1.50086492621357	0.0673008174034396
8.00132325234497	1.51411750751228	0.0645039949588451
8.01950807791848	1.52725965701222	0.0617798495126399
8.03769290349200	1.54027415010553	0.0591289207641793
8.05587772906551	1.55314411519343	0.0565513991950830
8.07406255463902	1.56585307691126	0.0540471639708320
8.09224738021253	1.57838499778766	0.0516158191967042
8.11043220578604	1.59072431826920	0.0492567283427164
8.12861703135955	1.60285599504649	0.0469690467103353
8.14680185693306	1.61476553762181	0.0447517518641304
8.16498668250657	1.62643904306212	0.0426036719945451
8.18317150808008	1.63786322888485	0.0405235122139806
8.20135633365360	1.64902546402707	0.0385098788179345
8.21954115922711	1.65991379785158	0.0365613015665933
8.23772598480062	1.67051698714683	0.0346762540606485
8.25591081037413	1.68082452108020	0.0328531722988018
8.27409563594764	1.69082664406728	0.0310904715140378
8.29228046152115	1.70051437652290	0.0293865613918393
8.31046528709467	1.70987953346268	0.0277398597766277
8.32865011266818	1.71891474092703	0.0261488049733090
8.34683493824169	1.72761345020310	0.0246118667493334
8.36501976381520	1.73596994982347	0.0231275561395137
8.38320458938871	1.74397937532411	0.0216944341513383
8.40138941496222	1.75163771674818	0.0203111194629570
8.41957424053573	1.75894182388593	0.0189762951996522
8.43775906610924	1.76588940924538	0.0176887148676679
8.45594389168276	1.77247904875297	0.0164472075169206
8.47412871725627	1.77871018018750	0.0152506821965269
8.49231354282978	1.78458309935604	0.0140981317593645
8.51049836840329	1.79009895402469	0.0129886360641648
8.52868319397680	1.79525973562283	0.0119213646159850
8.54686801955031	1.80006826874399	0.0108955786784206
8.56505284512382	1.80452819847244	0.00991063288365242
8.58323767069733	1.80864397556951	0.00896597635944033
8.60142249627084	1.81242083955947	0.00806115338553506
8.61960732184436	1.81586479976028	0.00719580358573086
8.63779214741787	1.81898261431016	0.00636966165598294
8.65597697299138	1.82178176724676	0.00558255662371666
8.67416179856489	1.82427044370103	0.00483441062871904
8.69234662413840	1.82645750327410	0.00412523721188765
8.71053144971191	1.82835245167053	0.00345513909468102
8.72871627528542	1.82996541066731	0.00282430542943505
8.74690110085894	1.83130708650299	0.00223300849885145
8.76508592643245	1.83238873677707	0.00168159984199699
8.78327075200596	1.83322213595441	0.00117050578414741
8.80145557757947	1.83381953957465	0.000700222348834958
8.81964040315298	1.83419364727111	0.000271309532577356
8.83782522872649	1.83435756470794	-0.000115615073966474
8.85601005430000	1.83432476454833	-0.000459883330207220
8.87419487987351	1.83410904657016	-0.000760784261311825
8.89237970544703	1.83372449704851	-0.00101757244455720
8.91056453102054	1.83318544752734	-0.00122947705740211
8.92874935659405	1.83250643310453	-0.00139571156900432
8.94693418216756	1.83170215035635	-0.00151548404647131
8.96511900774107	1.83078741502805	-0.00158800803568070
8.98330383331458	1.82977711961803	-0.00161251396418137
9.00148865888809	1.82868619098234	-0.00158826100066337
9.01967348446161	1.82752954808560	-0.00151454929198229
9.03785831003512	1.82632206002238	-0.00139073248499594
9.05604313560863	1.82507850443098	-0.00121623042681056
9.07422796118214	1.82381352641820	-0.000990541923767180
9.09241278675565	1.82254159810992	-0.000713257426979341
9.11059761232916	1.82127697893785	-0.000384071500838424
9.12878243790267	1.82003367676755	-2.79492102076073e-06
9.14696726347619	1.81882540996725	0.000430633759447270
9.16515208904970	1.81766557051041	0.000916137343201394
9.18333691462321	1.81656718819860	0.00145348999080960
9.20152174019672	1.81554289608376	0.00204230826255712
9.21970656577023	1.81460489716178	0.00268204336683620
9.23789139134374	1.81376493240143	0.00337197477561237
9.25607621691725	1.81303425016530	0.00411120535723576
9.27426104249076	1.81242357707137	0.00489865816303621
9.29244586806428	1.81194309033653	0.00573307498673648
9.31063069363779	1.81160239163611	0.00661301679489849
9.32881551921130	1.81141048250644	0.00753686610264791
9.34700034478481	1.81137574131117	0.00850283134217482
9.36518517035832	1.81150590178623	0.00950895324245662
9.38336999593183	1.81180803317311	0.0105531132078611
9.40155482150534	1.81228852194582	0.0116330436514088
9.41973964707885	1.81295305513316	0.0127463402062161
9.43792447265236	1.81380660523519	0.0138904757067534
9.45610929822588	1.81485341673097	0.0150628158008171
9.47429412379939	1.81609699417334	0.0162606360242838
9.49247894937290	1.81754009186637	0.0174811401445481
9.51066377494641	1.81918470512163	0.0187214795557065
9.52884860051992	1.82103206309057	0.0199787734896494
9.54703342609343	1.82308262317210	0.0212501297927747
9.56521825166694	1.82533606699669	0.0225326660083990
9.58340307724046	1.82779129799139	0.0238235305003977
9.60158790281397	1.83044644053241	0.0251199233542404
9.61977272838748	1.83329884069580	0.0264191167973787
9.63795755396099	1.83634506861906	0.0277184748917136
9.65614237953450	1.83958092249003	0.0290154722662995
9.67432720510801	1.84300143418145	0.0303077116780971
9.69251203068152	1.84660087655212	0.0315929402119270
9.71069685625503	1.85037277243712	0.0328690639571575
9.72888168182855	1.85430990535029	0.0341341610274002
9.74706650740206	1.85840433192277	0.0353864928198371
9.76525133297557	1.86264739610058	0.0366245134420139
9.78343615854908	1.86702974512282	0.0378468772652657
9.80162098412259	1.87154134730000	0.0390524445946696
9.81980580969610	1.87617151160862	0.0402402854748935
9.83799063526961	1.88090890911407	0.0414096816789266
9.85617546084313	1.88574159622944	0.0425601269519304
9.87436028641664	1.89065703981160	0.0436913256049246
9.89254511199015	1.89564214409002	0.0448031895723843
9.91072993756366	1.90068327941663	0.0458958340638773
9.92891476313717	1.90576631281732	0.0469695719524721
9.94709958871068	1.91087664031792	0.0480249070517876
9.96528441428419	1.91599922100893	0.0490625264392890
9.98346923985771	1.92111861280467	0.0500832919859089
10.0016540654312	1.92621900984393	0.0510882312514835
10.0198388910047	1.93128428147000	0.0520785279021128
10.0380237165782	1.93629801271971	0.0530555117996763
10.0562085421517	1.94124354624190	0.0540206489056909
10.0743933677253	1.94610402555794	0.0549755311318335
10.0925781932988	1.95086243956839	0.0559218662581182
10.1107630188723	1.95550166820228	0.0568614680272537
10.1289478444458	1.96000452909846	0.0577962465104516
10.1471326700193	1.96435382520125	0.0587281988262011
10.1653174955928	1.96853239314664	0.0596594002795679
10.1835023211663	1.97252315230932	0.0605919959756421
10.2016871467398	1.97630915437586	0.0615281929470765
10.2198719723134	1.97987363330438	0.0624702528223919
10.2380567978869	1.98320005552725	0.0634204850490182
10.2562416234604	1.98627217024972	0.0643812406729930
10.2744264490339	1.98907405969445	0.0653549066659263
10.2926112746074	1.99159018913932	0.0663439007792895
10.3107961001809	1.99380545659410	0.0673506668963274
10.3289809257544	1.99570524196004	0.0683776708428882
10.3471657513279	1.99727545551522	0.0694273966102140
10.3653505769014	1.99850258556812	0.0705023429351542
10.3835354024750	1.99937374512131	0.0716050201763254
10.4017202280485	1.99987671738744	0.0727379474183514
10.4199050536220	2	0.0739036497304229
10.4380898791955	1.99973284776172	0.0751046554999339
10.4562747047690	1.99906531377476	0.0763434937568177
10.4744595303425	1.99798828879737	0.0776226913993645
10.4926443559160	1.99649353867334	0.0789447702276899
10.5108291814895	1.99457373968150	0.0803122436866266
10.5290140070630	1.99222251165441	0.0817276132155927
10.5471988326366	1.98943444871636	0.0831933640989669
10.5653836582101	1.98620514749309	0.0847119607067011
10.5835684837836	1.98253123264661	0.0862858410113806
10.6017533093571	1.97841037959082	0.0879174102647949
10.6199381349306	1.97384133424514	0.0896090337144388
10.6381229605041	1.96882392968526	0.0913630282383855
10.6563077860776	1.96335909955219	0.0931816527758735
10.6744926116511	1.95744888808291	0.0950670974309928
10.6926774372246	1.95109645662819	0.0970214711283311
10.7108622627982	1.94430608652551	0.0990467877027241
10.7290470883717	1.93708317819834	0.101144950310739
10.7472319139452	1.92943424635554	0.103317734059669
10.7654167395187	1.92136691116919	0.105566766761135
10.7836015650922	1.91288988531278	0.107893507731418
10.8017863906657	1.90401295674742	0.110299224579955
10.8199712162392	1.89474696714947	0.112784967951613
10.8381560418127	1.88510378588024	0.115351544218016
10.8563408673862	1.87509627940737	0.117999486148829
10.8745256929598	1.86473827609694	0.120729021636095
10.8927105185333	1.85404452630820	0.123540040593786
10.9108953441068	1.84303065773624	0.126432060210955
10.9290801696803	1.83171312596494	0.129404188800338
10.9472649952538	1.82010916021148	0.132455088554671
10.9654498208273	1.80823670426623	0.135582937599949
10.9836346464008	1.79611435265704	0.138785391817345
11.0018194719743	1.78376128209661	0.142059546992247
11.0200042975478	1.77119717830425	0.145401901937974
11.0381891231214	1.75844215833050	0.148808323330799
11.0563739486949	1.74551668855457	0.152274013079003
11.0745587742684	1.73244149856979	0.155793479128196
11.0927435998419	1.71923749122218	0.159360510674110
11.1109284254154	1.70592564912106	0.162968158807863
11.1291132509889	1.69252693799805	0.166608723652608
11.1472980765624	1.67906220735183	0.170273749059398
11.1654829021359	1.66555208887899	0.173954025909275
11.1836677277095	1.65201689325694	0.177639605013410
11.2018525532830	1.63847650590998	0.181319820509903
11.2200373788565	1.62495028245501	0.184983324521738
11.2382222044300	1.61145694458595	0.188618133664163
11.2564070300035	1.59801447721481	0.192211687771764
11.2745918555770	1.58464002774041	0.195750920958248
11.2927766811505	1.57134980836104	0.199222344830063
11.3109615067240	1.55815900238255	0.202612143355442
11.3291463322975	1.54508167549712	0.205906278552573
11.3473311578711	1.53213069301748	0.209090605815449
11.3655159834446	1.51931764404516	0.212150997356557
11.3837008090181	1.50665277352856	0.215073471925768
11.4018856345916	1.49414492312488	0.217844328678892
11.4200704601651	1.48180148171965	0.220450282831386
11.4382552857386	1.46962834637824	0.222878600555216
11.4564401113121	1.45762989440520	0.225117230470621
11.4746249368856	1.44580896707207	0.227154929057386
11.4928097624591	1.43416686544222	0.228981377366784
11.5109945880327	1.42270335857671	0.230587286556374
11.5291794136062	1.41141670424934	0.231964489992356
11.5473642391797	1.40030368213635	0.233106019961274
11.5655490647532	1.38935963928026	0.234006167394193
11.5837338903267	1.37857854746168	0.234660523418787
11.6019187159002	1.36795307195210	0.235066002002600
11.6201035414737	1.35747465096833	0.235220843417219
11.6382883670472	1.34713358500945	0.235124598720902
11.6564731926207	1.33691913513234	0.234778095909517
11.6746580181943	1.32681962911638	0.234183388806790
11.6928428437678	1.31682257438167	0.233343690141309
11.7110276693413	1.30691477646216	0.232263290578345
11.7292124949148	1.29708246179335	0.230947465731314
11.7473973204883	1.28731140355637	0.229402373365664
11.7655821460618	1.27758704932334	0.227634943125351
11.7837669716353	1.26789464927301	0.225652761160238
11.8019517972088	1.25821938378852	0.223463952015687
11.8201366227823	1.24854648930821	0.221077060069698
11.8383214483559	1.23886138137381	0.218500932676462
11.8565062739294	1.22914977390422	0.215744607007577
11.8746910995029	1.21939779381651	0.212817202383723
11.8928759250764	1.20959209021361	0.209727819670898
11.9110607506499	1.19971993745993	0.206485449086492
11.9292455762234	1.18976933156843	0.203098887531247
11.9474304017969	1.17972907942314	0.199576666342008
11.9656152273704	1.16958888045864	0.195926990154480
11.9838000529439	1.15933940051086	0.192157687380920
12.0019848785175	1.14897233763997	0.188276172649194
12.0201697040910	1.13848047980615	0.184289421419826
12.0383545296645	1.12785775435165	0.180203956898162
12.0565393552380	1.11709926930701	0.176025849289464
12.0747241808115	1.10620134659694	0.171760727404685
12.0929090063850	1.09516154727043	0.167413802611475
12.1110938319585	1.08397868892209	0.162989905135360
12.1292786575320	1.07265285550751	0.158493532745905
12.1474634831055	1.06118539978403	0.153928911906929
12.1656483086791	1.04957893863263	0.149300071522805
12.1838331342526	1.03783734153481	0.144610929468041
12.2020179598261	1.02596571249293	0.139865392137393
12.2202027853996	1.01397036569338	0.135067467290893
12.2383876109731	1.00185879521998	0.130221390483375
12.2565724365466	0.989639639130656	0.125331765351985
12.2747572621201	0.977322638215220	0.120403717977207
12.2929420876936	0.964918589755153	0.115443065422049
12.3111269132672	0.952439296609878	0.110456498378328
12.3293117388407	0.939897511957378	0.105451777596271
12.3474965644142	0.927306880021454	0.100437943431552
12.3656813899877	0.914681873123625	0.0954255374005114
12.3838662155612	0.902037725405040	0.0904268340788655
12.4020510411347	0.889390363573346	0.0854560810029161
12.4202358667082	0.876756335041316	0.0805297434293407
12.4384206922817	0.864152733838593	0.0756667498786843
12.4566055178552	0.851597124695115	0.0708887333328151
12.4747903434288	0.839107465714700	0.0662202617890988
12.4929751690023	0.826702030079721	0.0616890506134216
12.5111599945758	0.814399327252402	0.0573261478094641
12.5293448201493	0.802218024164475	0.0531660819720660
12.5475296457228	0.790176866914014	0.0492469613680265
12.5657144712963	0.778294603515023	0.0456105113486996
12.5838992968698	0.766589908270584	0.0423020362157269
12.6020841224433	0.755081308362328	0.0393702908139298
12.6202689480168	0.743787113265762	0.0368672466020827
12.6384537735904	0.732725347610378	0.0348477368498195
12.6566385991639	0.721913688102972	0.0333689660334822
12.6748234247374	0.711369405119630	0.0324898695732155
12.6930082503109	0.701109309543766	0.0322703119013848
12.7111930758844	0.691149705381775	0.0327701136316368
12.7293779014579	0.681506348622011	0.0340479024850526
12.7475627270314	0.672194412715115	0.0361597878236629
12.7657475526049	0.663228460942899	0.0391578653537412
12.7839323781784	0.654622425808981	0.0430885669921226
12.8021172037520	0.646389595427974	0.0479908811828094
12.8203020293255	0.638542606713567	0.0538944811275056
12.8384868548990	0.631093444973213	0.0608178122517729
12.8566716804725	0.624053449313668	0.0687662052357004
12.8748565060460	0.617433323054493	0.0777300961192464
12.8930413316195	0.611243148144223	0.0876834488526759
12.9112261571930	0.605492402386090	0.0985824861860478
12.9294109827665	0.600189978117447	0.110364839566186
12.9475958083400	0.595344200860237	0.122949225212148
12.9657806339136	0.590962846379556	0.136235739591716
12.9839654594871	0.587053154562907	0.150106841861961
13.0021502850606	0.583621838571765	0.164429053710955
13.0203351106341	0.580675087824510	0.179055360622399
13.0385199362076	0.578218563547300	0.193828247077749
13.0567047617811	0.576257385874874	0.208583247442678
13.0748895873546	0.574796111790348	0.223152850844450
13.0930744129281	0.573838703551182	0.237370568357854
13.1112592385016	0.573388487643388	0.251074958663556
13.1294440640752	0.573448104719784	0.264113415693680
13.1476288896487	0.574019451390764	0.276345547208162
13.1658137152222	0.575103615126232	0.287646012561428
13.1839985407957	0.576700803874208	0.297906735114200
13.2021833663692	0.578810272285885	0.307038453271703
13.2203681919427	0.581430246642855	0.314971618152621
13.2385530175162	0.584557850698420	0.321656681214870
13.2567378430897	0.588189034665631	0.327063839653951
13.2749226686633	0.592318509510103	0.331182320917204
13.2931074942368	0.596939688541833	0.334019291679034
13.3112923198103	0.602044638058744	0.335598473478764
13.3294771453838	0.607624038491389	0.335958539628674
13.3476619709573	0.613667157151977	0.335151358447851
13.3658467965308	0.620161833321999	0.333240138320935
13.3840316221043	0.627094476041354	0.330297521780007
13.4022164476778	0.634450074606420	0.326403669331139
13.4204012732513	0.642212221460709	0.321644369082693
13.4385860988249	0.650363146881575	0.316109204960347
13.4567709243984	0.658883764637839	0.309889813779345
13.4749557499719	0.667753727620105	0.303078259016770
13.4931405755454	0.676951492328037	0.295765546222332
13.5113254011189	0.686454391033987	0.288040301262953
13.5295102266924	0.696238710424622	0.279987627892536
13.5476950522659	0.706279775544490	0.271688155584006
13.5658798778394	0.716552037919861	0.263217282449272
13.5840647034129	0.727029166819515	0.254644611810414
13.6022495289865	0.737684142703592	0.246033575011899
13.6204343545600	0.748489352015215	0.237441227782212
13.6386191801335	0.759416682576255	0.228918203176906
13.6568040057070	0.770437618953560	0.220508801056502
13.6749888312805	0.781523337261399	0.212251192237290
13.6931736568540	0.792644798957273	0.204177714850691
13.7113584824275	0.803772843269973	0.196315240916509
13.7295433080010	0.814878277969914	0.188685592476874
13.7477281335745	0.825931968252365	0.181305988622023
13.7659129591481	0.836904923554441	0.174189507136776
13.7840977847216	0.847768382167393	0.167345547097207
13.8022826102951	0.858493893537795	0.160780281373489
13.8204674358686	0.869053398175672	0.154497090509010
13.8386522614421	0.879419305105633	0.148496971749747
13.8568370870156	0.889564566809667	0.142778919030543
13.8750219125891	0.899462751618548	0.137340271456811
13.8932067381626	0.909088113513654	0.132177029246436
13.9113915637361	0.918415659303242	0.127284137230650
13.9295763893097	0.927421213137692	0.122655736879617
13.9477612148832	0.936081478327363	0.118285388450683
13.9659460404567	0.944374096425180	0.114166265289735
13.9841308660302	0.952277703534182	0.110291322583874
14.0023156916037	0.959771983798422	0.106653442999578
14.0205005171772	0.966837720034005	0.103245561674290
14.0386853427507	0.973456841455952	0.100060772986669
14.0568701683242	0.979612468456057	0.0970924214332082
14.0750549938977	0.985288954387057	0.0943341788042484
14.0932398194713	0.990471924309436	0.0917801096946497
14.1114246450448	0.995148310658832	0.0894247272144312
14.1296094706183	0.999306385794617	0.0872630405905348
14.1477942961918	1.00293579139347	0.0852905961783518
14.1659791217653	1.00602756465585	0.0835035132345454
14.1841639473388	1.00857416129816	0.0818985156433094
14.2023487729123	1.01056947530860	0.0804729606375412
14.2205335984858	1.01200885545133	0.0792248654145100
14.2387184240593	1.01288911850964	0.0781529324117056
14.2569032496329	1.01320855926670	0.0772565738812544
14.2750880752064	1.01296695722970	0.0765359362786606
14.2932729007799	1.01216558011150	0.0759919248612808
14.3114577263534	1.01080718409249	0.0756262287710924
14.3296425519269	1.00889601089393	0.0754413467517994
14.3478273775004	1.00643778170300	0.0754406135185905
14.3660122030739	1.00343968799899	0.0756282266560258
14.3841970286474	0.999910379338990	0.0760092737612604
14.4023818542210	0.995859948170564	0.0765897593714611
14.4205666797945	0.991299911747512	0.0773766310107635
14.4387515053680	0.986243191233562	0.0783778034580844
14.4569363309415	0.980704088086596	0.0796021800669174
14.4751211565150	0.974698257823452	0.0810596696561769
14.4933059820885	0.968242681271816	0.0827611971316516
14.5114908076620	0.961355633421072	0.0847187055856207
14.5296756332355	0.954056649988043	0.0869451471536731
14.5478604588090	0.946366491815915	0.0894544593805260
14.5660452843826	0.938307107225006	0.0922615232612795
14.5842301099561	0.929901592432052	0.0953820984857976
14.6024149355296	0.921174150149872	0.0988327307324344
14.6205997611031	0.912150046471167	0.102630625151805
14.6387845866766	0.902855566128381	0.106793479481109
14.6569694122501	0.893317966205378	0.111339269577752
14.6751542378236	0.883565428355724	0.116285979617768
14.6933390633971	0.873627009556028	0.121651268850504
14.7115238889706	0.863532591390678	0.127452066740118
14.7297087145442	0.853312827825974	0.133704088686120
14.7478935401177	0.842999091386941	0.140421265453823
14.7660783656912	0.832623417598981	0.147615081137117
14.7842631912647	0.822218447499287	0.155293817108635
14.8024480168382	0.811817367960418	0.163461703171065
14.8206328424117	0.801453849501774	0.172117982164491
14.8388176679852	0.791161981196027	0.181255900701674
14.8570024935587	0.780976202209504	0.190861646481897
14.8751873191322	0.770931229451819	0.200913261601533
14.8933721447058	0.761061980755502	0.211379571052087
14.9115569702793	0.751403492966640	0.222219175538219
14.9297417958528	0.741990834309613	0.233379566953707
14.9479266214263	0.732859010400428	0.244796432173439
14.9661114469998	0.724042863332317	0.256393214945748
14.9842962725733	0.715576963352405	0.268081005286431
15.0024810981468	0.707495492797096	0.279758819777191
15.0206659237203	0.699832122162446	0.291314323914077
15.0388507492938	0.692619878457587	0.302625029200039
15.0570355748674	0.685891006323725	0.313559973969742
15.0752204004409	0.679676822792601	0.323981869814279
15.0934052260144	0.674007566994733	0.333749667509204
15.1115900515879	0.668912246590266	0.342721470476663
15.1297748771614	0.664418483158226	0.350757702817903
15.1479597027349	0.660552359211346	0.357724424924478
15.1661445283084	0.657338269867210	0.363496683557604
15.1843293538819	0.654798782464487	0.367961784657861
15.2025141794554	0.652954507530081	0.371022384332014
15.2206990050290	0.651823984450014	0.372599303926782
15.2388838306025	0.651423584955817	0.372633986089284
15.2570686561760	0.651767437105328	0.371090517976127
15.2752534817495	0.652867371825159	0.367957154176650
15.2934383073230	0.654732893322062	0.363247275837023
15.3116231328965	0.657371173807477	0.356999725826528
15.3298079584700	0.660787072070901	0.349278465671348
15.3479927840435	0.664983174546354	0.340171511948871
15.3661776096170	0.669959856704203	0.329789130932535
15.3843624351906	0.675715361923114	0.318261302019759
15.4025472607641	0.682245894495805	0.305734502030522
15.4207320863376	0.689545723123194	0.292367910294588
15.4389169119111	0.697607291161616	0.278329182616893
15.4571017374846	0.706421329996762	0.263789983396043
15.4752865630581	0.715976972200717	0.248921492176098
15.4934713886316	0.726261861548989	0.233890108341903
15.5116562142051	0.737262257490730	0.218853563261412
15.5298410397787	0.748963132233899	0.203957614401831
15.5480258653522	0.761348259187244	0.189333445673292
15.5662106909257	0.774400292057417	0.175095839637588
15.5843955164992	0.788100834404862	0.161342128123756
15.6025803420727	0.802430499897109	0.148151875238726
15.6207651676462	0.817368963851823	0.135587205790162
15.6389499932197	0.832895006930674	0.123693665288073
15.6571348187932	0.848986552031074	0.112501485090684
15.6753196443667	0.865620695532781	0.102027126163446
15.6935044699403	0.882773734099928	0.0922749844531878
15.7116892955138	0.900421188227363	0.0832391567697193
15.7298741210873	0.918537823665051	0.0749051852224005
15.7480589466608	0.937097671766847	0.0672517181287307
15.7662437722343	0.956074049700585	0.0602520440428724
15.7844285978078	0.975439581334067	0.0538754719846950
15.8026134233813	0.995166219483604	0.0480885445176303
15.8207982489548	1.01522527008419	0.0428560809075848
15.8389830745283	1.03558741871770	0.0381420553768063
15.8571679001019	1.05622275982086	0.0339103207995565
15.8753527256754	1.07710082879007	0.0301251914983123
15.8935375512489	1.09819063710711	0.0267519005239984
15.9117223768224	1.11946071052805	0.0237569473406512
15.9299072023959	1.14087913030801	0.0211083515272914
15.9480920279694	1.16241357737546	0.0187758272382604
15.9662768535429	1.18403137932179	0.0167308919474137
15.9844616791164	1.20569956003263	0.0149469216065193
16.0026465046899	1.22738489175717	0.0133991628932660
16.0208313302635	1.24905394938886	0.0120647117918381
16.0390161558370	1.27067316671393	0.0109224663927576
16.0572009814105	1.29220889437350	0.00995306055080918
16.0753858069840	1.31362745927809	0.00913878391682863
16.0935706325575	1.33489522521114	0.00846349286640457
16.1117554581310	1.35597865435805	0.00791251598412455
16.1299402837045	1.37684436950067	0.00747255701911195
16.1481251092780	1.39745921662174	0.00713159759667238
16.1663099348515	1.41779032767059	0.00687880144089495
16.1844947604251	1.43780518324878	0.00670442142258153
16.2026795859986	1.45747167498326	0.00659971038464289
16.2208644115721	1.47675816736360	0.00655683640243535
16.2390492371456	1.49563355882971	0.00656880289958385
16.2572340627191	1.51406734190620	0.00662937385176333
16.2754188882926	1.53202966218996	0.00673300416380066
16.2936037138661	1.54949137600742	0.00687477519239287
16.3117885394396	1.56642410656836	0.00705033530171630
16.3299733650131	1.58280029845333	0.00725584527707662
16.3481581905867	1.59859327028150	0.00748792837814214
16.3663430161602	1.61377726541616	0.00774362478451725
16.3845278417337	1.62832750057465	0.00802035016935588
16.4027126673072	1.64222021221920	0.00831585812881882
16.4208974928807	1.65543270061488	0.00862820619432290
16.4390823184542	1.66794337145024	0.00895572515898358
16.4572671440277	1.67973177492538	0.00929699145800749
16.4754519696012	1.69077864222160	0.00965080235391643
16.4936367951747	1.70106591927555	0.0100161536904776
16.5118216207483	1.71057679778990	0.0103922199933639
16.5300064463218	1.71929574342118	0.0107783367103205
16.5481912718953	1.72720852109424	0.0111739843985416
16.5663760974688	1.73430221740104	0.0115787746817463
16.5845609230423	1.74056526005016	0.0119924378138467
16.6027457486158	1.74598743434150	0.0124148116999592
16.6209305741893	1.75055989664875	0.0128458322387021
16.6391153997628	1.75427518490038	0.0132855248621830
16.6573002253364	1.75712722605745	0.0137339971617651
16.6754850509099	1.75911134059453	0.0141914324985971
16.6936698764834	1.76022424399734	0.0146580845080077
16.7118547020569	1.76046404529827	0.0151342724162100
16.7300395276304	1.75983024267791	0.0156203770963794
16.7482243532039	1.75832371616801	0.0161168377990728
16.7664091787774	1.75594671749789	0.0166241494992098
16.7845940043509	1.75270285713306	0.0171428608084597
16.8027788299244	1.74859708856130	0.0176735724079274
16.8209636554980	1.74363568988732	0.0182169359615361
16.8391484810715	1.73782624280361	0.0187736534755148
16.8573333066450	1.73117760901032	0.0193444770739431
16.8755181322185	1.72369990416276	0.0199302091644220
16.8937029577920	1.71540446943027	0.0205317029716572
16.9118877833655	1.70630384075520	0.0211498634200924
16.9300726089390	1.69641171590531	0.0217856483497251
16.9482574345125	1.68574291941740	0.0224400700519121
16.9664422600860	1.67431336553406	0.0231141971143227
16.9846270856596	1.66214001923925	0.0238091565662501
17.0028119112331	1.64924085550185	0.0245261363172317
17.0209967368066	1.63563481683957	0.0252663878833713
17.0391815623801	1.62134176931855	0.0260312293968806
17.0573663879536	1.60638245710646	0.0268220488951493
17.0755512135271	1.59077845569904	0.0276403078860931
17.0937360391006	1.57455212394227	0.0284875451865813
17.1119208646741	1.55772655497356	0.0293653810303668
17.1301056902476	1.54032552620683	0.0302755214410761
17.1482905158212	1.52237344848731	0.0312197628644070
17.1664753413947	1.50389531454223	0.0321999970516327
17.1846601669682	1.48491664685425	0.0332182161837374
17.2028449925417	1.46546344508394	0.0342765182218869
17.2210298181152	1.44556213316777	0.0353771124653333
17.2392146436887	1.42523950621688	0.0365223252921050
17.2573994692622	1.40452267734124	0.0377146060507507
17.2755842948357	1.38343902452232	0.0389565330627732
17.2937691204092	1.36201613765586	0.0402508196849485
17.3119539459828	1.34028176588426	0.0416003203681904
17.3301387715563	1.31826376533612	0.0430080366346548
17.3483235971298	1.29599004738774	0.0444771228769978
17.3665084227033	1.27348852755878	0.0460108918626894
17.3846932482768	1.25078707515112	0.0476128198015397
17.4028780738503	1.22791346373686	0.0492865508055962
17.4210628994238	1.20489532259761	0.0510359005367096
17.4392477249973	1.18176008921364	0.0528648587976968
17.4574325505708	1.15853496289745	0.0547775907774504
17.4756173761444	1.13524685966207	0.0567784366077965
17.4938022017179	1.11192236841001	0.0588719088296223
17.5119870272914	1.08858770852429	0.0610626872969715
17.5301718528649	1.06526868893811	0.0633556109696795
17.5483566784384	1.04199066875492	0.0657556659569728
17.5665415040119	1.01877851948571	0.0682679690756771
17.5847263295854	0.995656588964905	0.0708977460768709
17.6029111551589	0.972648667001303	0.0736503035738405
17.6210959807325	0.949777952815090	0.0765309935723219
17.6392808063060	0.927067024306430	0.0795451693620917
17.6574656318795	0.904537809195911	0.0826981313785651
17.6756504574530	0.882211558071556	0.0859950614867258
17.6938352830265	0.860108819371720	0.0894409439812250
17.7120201086000	0.838249416327806	0.0930404714411473
17.7302049341735	0.816652425885384	0.0967979334329257
17.7483897597470	0.795336159617093	0.100717085929558
17.7665745853205	0.774318146635576	0.104800999220576
17.7847594108941	0.753615118509819	0.109051882039968
17.8029442364676	0.733242996183487	0.113470879656347
17.8211290620411	0.713216878889441	0.118057843772287
17.8393138876146	0.693551035050396	0.122811072292169
17.8574987131881	0.674258895151899	0.127727017366979
17.8756835387616	0.655353046570334	0.132799960639284
17.8938683643351	0.636845230335693	0.138021655321287
17.9120531899086	0.618746339806323	0.143380935671614
17.9302380154821	0.601066421230893	0.148863295616342
17.9484228410557	0.583814676171418	0.154450439703645
17.9666076666292	0.566999465760356	0.160119811295597
17.9847924922027	0.550628316764601	0.165844104876420
18.0029773177762	0.534707929429587	0.171590771567016
18.0211621433497	0.519244187077704	0.177321529333177
18.0393469689232	0.504242167436704	0.182991891889497
18.0575317944967	0.489706155675673	0.188550732843235
18.0757166200702	0.475639659128317	0.193939904087498
18.0939014456437	0.462045423685543	0.199093929731954
18.1120862712173	0.448925451841350	0.203939798850649
18.1302710967908	0.436281022377640	0.208396881954498
18.1484559223643	0.424112711674243	0.212376997326180
18.1666407479378	0.412420416629910	0.215784654207968
18.1848255735113	0.401203379177736	0.218517500387602